8 7 5 9 3 2 1 4 6 
9 3 2 1 4 6 8 7 5 
1 4 6 8 7 5 9 3 2 
7 5 8 3 2 9 4 6 1 
3 2 9 4 6 1 7 5 8 
4 6 1 7 5 8 3 2 9 
5 8 7 2 9 3 6 1 4 
2 9 3 6 1 4 5 8 7 
6 1 4 5 8 7 2 9 3 


6 3 9 2 1 4 5 8 7 
2 1 4 5 8 7 6 3 9 
5 8 7 6 3 9 2 1 4 
3 9 6 1 4 2 8 7 5 
1 4 2 8 7 5 3 9 6 
8 7 5 3 9 6 1 4 2 
9 6 3 4 2 1 7 5 8 
4 2 1 7 5 8 9 6 3 
7 5 8 9 6 3 4 2 1 


2 4 8 5 9 7 3 1 6 
5 9 7 3 1 6 2 4 8 
3 1 6 2 4 8 5 9 7 
4 8 2 9 7 5 1 6 3 
9 7 5 1 6 3 4 8 2 
1 6 3 4 8 2 9 7 5 
8 2 4 7 5 9 6 3 1 
7 5 9 6 3 1 8 2 4 
6 3 1 8 2 4 7 5 9 


8 7 9 2 5 1 4 6 3 
2 5 1 4 6 3 8 7 9 
4 6 3 8 7 9 2 5 1 
7 9 8 5 1 2 6 3 4 
5 1 2 6 3 4 7 9 8 
6 3 4 7 9 8 5 1 2 
9 8 7 1 2 5 3 4 6 
1 2 5 3 4 6 9 8 7 
3 4 6 9 8 7 1 2 5 


3 2 7 5 9 1 8 6 4 
5 9 1 8 6 4 3 2 7 
8 6 4 3 2 7 5 9 1 
2 7 3 9 1 5 6 4 8 
9 1 5 6 4 8 2 7 3 
6 4 8 2 7 3 9 1 5 
7 3 2 1 5 9 4 8 6 
1 5 9 4 8 6 7 3 2 
4 8 6 7 3 2 1 5 9 


