1 13 7 10 11 0 1 2 3 4 1 6 39 42

2 13 6 1 2 3 4 5 6 2 2 38 41
4 38 41

3 15 5 11 0 1 2 3 2 6 39 42
1 39 42

4 12 6 10 11 0 1 2 3 1 1 38 41

5 14 7 6 7 8 9 10 11 0 2 7 39 42
6 39 42

6 15 5 0 1 2 3 4 2 4 39 42
7 38 41

7 15 6 4 5 6 7 8 9 2 7 38 41
2 38 41

8 13 7 7 8 9 10 11 0 1 2 2 38 41
3 38 41

9 13 7 0 1 2 3 4 5 6 1 4 38 41

10 14 7 0 1 2 3 4 5 6 2 7 38 41
4 39 42

11 13 7 5 6 7 8 9 10 11 1 3 38 41

12 15 7 1 2 3 4 5 6 7 2 6 39 42
5 38 41

13 12 6 9 10 11 0 1 2 1 1 38 41

14 13 5 8 9 10 11 0 1 6 39 42

15 12 7 10 11 0 1 2 3 4 2 2 38 41
5 39 42

16 13 5 10 11 0 1 2 1 4 39 42

17 14 7 6 7 8 9 10 11 0 2 6 39 42
1 38 41

18 15 6 5 6 7 8 9 10 2 5 39 42
7 38 41

19 15 6 10 11 0 1 2 3 2 7 38 41
1 39 42

20 15 6 3 4 5 6 7 8 1 2 39 42

1
3.50
6
0 1 2 3 4 5 
5
17 15 1 20 7 
5
1 37 41
3 36 42
4 36 41
2 36 40
7 38 42

2
4.40
6
4 5 6 7 8 9 
5
7 4 9 15 20 
5
1 37 43
7 38 44
6 36 42
5 38 42
2 36 40

3
1.30
6
1 2 3 4 5 6 
5
12 8 3 10 17 
5
3 36 42
7 37 42
4 36 41
5 38 44
2 38 42

4
4.70
5
0 1 2 3 4 
5
5 19 14 13 11 
6
3 37 43
7 36 42
2 37 43
4 36 40
1 37 41
5 37 43

5
1.50
6
4 5 6 7 8 9 
5
18 7 9 16 20 
6
2 37 42
3 36 41
1 37 42
4 37 42
7 38 43
6 38 44

6
4.10
5
9 0 1 2 3 
5
13 1 14 3 15 
6
2 36 40
1 38 43
6 36 41
4 37 43
5 38 44
7 36 42

7
1.00
5
8 9 0 1 2 
5
19 15 10 16 5 
6
2 36 41
3 38 42
5 38 44
7 37 43
1 38 42
4 37 42

8
1.10
6
5 6 7 8 9 0 
5
12 5 14 20 3 
5
1 37 41
4 38 43
5 36 40
7 37 41
3 38 44

9
4.20
6
0 1 2 3 4 5 
5
9 20 14 6 7 
5
4 38 42
6 37 42
2 36 40
3 36 40
1 38 43

10
3.80
5
7 8 9 0 1 
5
9 20 15 18 7 
5
6 36 41
4 37 43
3 37 42
7 37 42
2 37 43

11
2.10
6
6 7 8 9 0 1 
5
16 8 14 12 9 
5
6 36 41
3 37 42
1 38 44
7 38 44
5 36 40

12
4.00
5
8 9 0 1 2 
5
13 6 7 2 5 
6
7 36 42
2 36 42
4 38 44
5 38 42
3 38 42
1 38 42

13
2.90
7
4 5 6 7 8 9 0 
5
15 17 2 11 12 
6
7 36 40
4 37 43
5 36 42
2 37 43
3 38 42
1 36 42

14
3.70
6
2 3 4 5 6 7 
5
10 1 17 9 3 
6
5 38 43
1 38 44
6 38 43
4 38 42
2 38 43
7 37 43

15
2.00
7
6 7 8 9 0 1 2 
5
18 19 6 5 4 
6
3 38 44
5 36 41
4 37 42
7 37 41
2 36 42
1 36 42

16
4.60
5
1 2 3 4 5 
5
20 12 3 9 6 
6
3 37 43
5 37 42
1 36 42
7 36 40
4 37 43
6 38 44

17
4.90
7
9 0 1 2 3 4 5 
5
10 4 20 1 5 
6
6 36 40
2 38 44
5 36 40
4 38 43
3 38 44
1 38 43

18
1.10
6
3 4 5 6 7 8 
5
8 18 4 1 16 
6
5 38 44
1 36 40
6 38 43
7 37 43
2 38 44
3 37 41

19
2.40
5
0 1 2 3 4 
5
16 19 1 3 10 
5
6 36 42
3 36 42
4 38 42
5 37 43
7 36 41

20
4.90
6
5 6 7 8 9 0 
5
18 13 17 4 9 
5
3 38 43
1 38 44
7 36 41
5 37 41
2 38 44

21
4.70
7
2 3 4 5 6 7 8 
5
5 9 7 20 11 
6
1 37 41
5 37 42
7 37 42
3 36 41
4 38 44
2 37 43

22
1.40
7
7 8 9 0 1 2 3 
5
1 2 17 19 14 
6
5 38 42
2 38 43
3 36 40
7 36 41
1 36 42
4 37 43

23
2.80
6
7 8 9 0 1 2 
5
7 12 11 19 20 
6
1 37 42
5 36 42
7 37 43
6 38 42
4 37 42
3 36 42

24
3.30
7
4 5 6 7 8 9 0 
5
5 19 13 11 7 
6
1 36 42
6 36 40
7 37 43
5 36 40
2 36 41
3 37 43

25
4.20
5
4 5 6 7 8 
5
4 12 10 8 14 
5
3 38 43
2 36 41
7 37 41
5 37 42
4 37 41

26
3.50
6
5 6 7 8 9 0 
5
5 14 8 13 2 
6
4 37 41
3 37 43
7 36 42
1 36 41
5 37 42
2 37 41

27
1.60
5
8 9 0 1 2 
5
19 3 2 4 1 
5
3 38 43
4 38 42
5 37 41
6 38 43
7 38 44

28
2.50
5
4 5 6 7 8 
5
9 12 7 8 5 
6
5 36 40
7 38 42
1 38 43
6 36 40
2 37 41
3 37 43

29
4.40
6
4 5 6 7 8 9 
5
12 6 3 16 19 
6
6 37 41
4 36 42
5 37 41
7 37 42
2 38 42
1 36 40

30
4.80
7
2 3 4 5 6 7 8 
5
6 4 14 12 5 
6
5 37 43
3 36 41
4 38 42
1 37 41
6 36 42
2 37 43

31
1.80
5
5 6 7 8 9 
5
12 4 11 14 17 
5
7 36 41
3 38 44
5 36 42
1 38 43
6 36 42

32
2.20
6
7 8 9 0 1 2 
5
3 20 9 18 10 
6
6 37 42
3 37 43
4 36 41
1 38 44
5 36 40
7 38 44

33
1.40
6
2 3 4 5 6 7 
5
20 9 14 12 17 
6
5 36 42
1 36 42
6 38 44
3 38 44
7 36 41
4 37 41

34
2.80
7
0 1 2 3 4 5 6 
5
16 18 4 15 14 
6
3 37 41
2 37 42
6 36 41
5 37 42
4 37 41
7 36 42

35
4.60
7
1 2 3 4 5 6 7 
5
10 18 5 13 15 
5
1 36 41
2 38 44
3 36 42
5 38 44
7 38 44

36
3.40
7
7 8 9 0 1 2 3 
5
19 17 8 20 9 
6
5 36 41
4 36 41
2 36 40
1 36 40
7 38 43
3 36 42

37
4.90
7
6 7 8 9 0 1 2 
5
13 7 9 3 18 
5
1 37 41
7 37 41
2 37 42
4 38 44
5 38 44

38
2.90
7
3 4 5 6 7 8 9 
5
13 8 20 7 17 
6
6 37 41
7 36 40
4 37 42
3 38 44
5 37 43
1 38 43

39
1.80
6
7 8 9 0 1 2 
5
20 2 11 13 3 
6
3 38 43
4 38 44
1 36 42
5 38 44
2 36 40
6 36 42

40
3.40
5
0 1 2 3 4 
5
14 9 3 4 11 
6
3 36 42
4 38 42
1 38 44
7 37 41
2 37 42
6 37 42

41
2.40
5
5 6 7 8 9 
5
8 2 4 16 18 
5
7 38 43
2 37 42
1 38 44
6 37 43
3 37 43

42
1.30
7
5 6 7 8 9 0 1 
5
7 12 14 11 3 
6
2 36 41
6 37 43
5 38 44
7 37 43
3 38 42
4 37 41

43
3.00
6
6 7 8 9 0 1 
5
20 16 10 1 9 
5
7 38 44
5 38 43
3 37 43
6 36 40
1 37 42

44
1.70
7
3 4 5 6 7 8 9 
5
18 13 5 7 15 
5
7 37 43
5 37 41
4 36 42
6 36 40
2 37 41

45
2.80
6
7 8 9 0 1 2 
5
5 6 20 3 8 
5
1 36 42
5 36 42
4 36 41
2 37 42
3 38 42

46
1.50
6
9 0 1 2 3 4 
5
11 19 15 4 7 
6
3 36 41
1 37 43
4 37 42
7 36 41
2 38 42
5 37 42

47
3.70
6
1 2 3 4 5 6 
5
12 4 6 15 1 
6
5 38 44
7 37 42
4 36 42
1 38 44
6 36 42
2 36 40

48
3.00
5
9 0 1 2 3 
5
17 2 13 14 7 
5
5 36 41
4 38 44
1 37 42
6 38 44
7 36 42

49
2.60
6
5 6 7 8 9 0 
5
8 3 9 4 20 
6
4 38 44
1 37 42
5 37 42
3 36 40
6 38 43
7 37 41

50
2.40
5
3 4 5 6 7 
5
4 9 19 17 11 
5
1 36 40
2 37 42
5 38 44
7 38 42
4 36 41

51
3.90
5
0 1 2 3 4 
5
13 10 1 17 15 
5
7 36 40
2 38 42
3 38 42
6 36 40
1 36 41

52
1.10
7
5 6 7 8 9 0 1 
5
20 2 5 10 12 
6
6 36 41
4 38 43
5 36 41
3 38 43
1 36 42
2 36 40

53
1.80
7
7 8 9 0 1 2 3 
5
9 17 12 5 6 
6
1 38 43
2 36 42
5 36 42
7 38 44
6 37 41
4 38 42

54
4.10
7
7 8 9 0 1 2 3 
5
14 5 19 2 20 
5
1 37 41
4 36 41
7 36 42
2 38 44
6 38 44

55
1.90
6
9 0 1 2 3 4 
5
20 18 7 12 3 
6
2 37 42
3 38 43
6 38 43
7 36 41
5 37 42
4 37 43

56
2.40
6
8 9 0 1 2 3 
5
3 2 18 16 20 
6
1 37 43
4 37 43
2 38 43
5 36 42
7 38 44
6 37 41

57
2.80
5
0 1 2 3 4 
5
18 13 15 19 6 
6
6 36 41
1 36 40
2 36 42
3 38 43
7 38 42
4 37 42

58
4.20
6
4 5 6 7 8 9 
5
12 1 14 16 19 
5
2 37 43
6 37 42
5 37 42
1 38 43
3 36 41

59
3.40
5
6 7 8 9 0 
5
3 12 15 17 18 
6
2 38 42
6 37 43
3 38 42
7 36 41
1 36 42
5 37 43

60
4.70
5
6 7 8 9 0 
5
9 7 2 8 16 
6
7 38 44
6 38 43
3 36 41
2 38 42
1 36 40
5 37 41

61
1.10
7
6 7 8 9 0 1 2 
5
7 20 8 1 5 
5
1 38 44
2 37 42
7 38 42
5 38 42
6 37 42

62
1.50
5
1 2 3 4 5 
5
15 8 13 11 3 
5
1 38 43
5 36 41
2 38 44
4 38 42
3 37 43

63
4.90
5
2 3 4 5 6 
5
4 14 3 8 20 
6
5 36 42
3 36 40
1 36 42
7 36 42
2 38 42
4 37 42

64
2.70
7
2 3 4 5 6 7 8 
5
3 16 18 5 14 
5
3 37 43
6 38 43
7 37 42
2 38 42
1 36 42

65
2.80
7
3 4 5 6 7 8 9 
5
14 13 19 1 4 
6
4 36 42
6 37 41
5 37 43
7 38 44
3 36 40
2 37 43

66
3.40
7
3 4 5 6 7 8 9 
5
2 16 14 20 18 
5
4 38 43
2 37 42
5 37 43
3 37 41
7 37 41

67
3.20
5
3 4 5 6 7 
5
1 9 10 11 18 
6
5 38 42
7 36 41
3 36 40
6 37 43
2 38 42
4 36 40

68
2.30
5
3 4 5 6 7 
5
18 14 2 11 5 
6
5 38 44
2 36 41
6 36 41
4 36 42
3 36 41
1 36 41

69
4.30
5
6 7 8 9 0 
5
20 12 16 5 13 
6
7 37 42
1 38 44
4 37 42
5 37 42
6 36 42
3 37 43

70
2.90
6
7 8 9 0 1 2 
5
14 10 18 19 6 
5
2 36 40
1 38 43
3 36 40
7 38 44
6 37 41

71
1.50
7
3 4 5 6 7 8 9 
5
14 6 13 7 9 
5
3 36 42
4 37 43
2 36 42
1 37 42
5 37 42

72
3.80
5
8 9 0 1 2 
5
4 1 7 11 12 
6
1 36 41
7 36 42
3 36 42
5 37 41
4 36 41
6 36 40

73
3.40
5
9 0 1 2 3 
5
7 8 3 9 5 
5
7 36 41
4 36 40
3 37 41
2 38 42
5 36 42

74
2.00
7
0 1 2 3 4 5 6 
5
11 4 2 5 10 
6
3 36 42
5 36 41
1 37 42
7 36 41
6 36 41
2 37 43

75
1.60
7
8 9 0 1 2 3 4 
5
13 19 2 6 4 
5
1 37 41
5 36 42
2 36 41
4 37 42
6 36 41

76
3.70
6
8 9 0 1 2 3 
5
7 18 6 2 3 
6
3 36 41
5 36 42
2 36 40
6 38 42
1 37 42
7 38 44

77
1.10
5
2 3 4 5 6 
5
12 3 5 14 10 
5
1 37 43
5 36 40
7 36 41
2 37 41
6 36 40

78
1.40
7
9 0 1 2 3 4 5 
5
13 14 19 17 3 
6
1 36 40
3 37 42
4 38 44
2 38 42
7 36 40
5 37 42

79
2.00
7
2 3 4 5 6 7 8 
5
17 3 9 6 4 
5
2 36 40
3 38 42
1 36 41
6 37 43
7 37 42

80
1.40
7
4 5 6 7 8 9 0 
5
9 16 10 20 19 
6
2 38 44
6 37 43
7 36 40
5 38 43
1 36 41
4 36 42

81
1.30
7
0 1 2 3 4 5 6 
5
1 18 4 12 15 
5
2 37 41
5 36 41
7 36 41
4 36 41
1 37 41

82
4.90
5
1 2 3 4 5 
5
13 11 5 12 9 
6
3 36 42
6 36 40
1 38 42
4 37 43
2 37 43
5 36 42

83
1.20
6
7 8 9 0 1 2 
5
1 18 16 5 19 
5
7 36 42
6 38 42
1 36 42
3 36 41
5 36 40

84
2.30
5
1 2 3 4 5 
5
15 7 13 19 1 
6
1 37 43
4 36 40
2 36 40
6 37 42
7 38 42
3 36 41

85
2.00
6
9 0 1 2 3 4 
5
4 13 15 12 1 
6
3 37 41
1 36 41
7 38 44
5 36 42
2 36 42
6 38 44

86
4.00
7
4 5 6 7 8 9 0 
5
17 16 9 18 4 
5
2 37 42
5 38 42
3 37 42
1 38 42
4 36 41

87
4.30
6
0 1 2 3 4 5 
5
12 4 2 9 8 
5
4 38 44
3 37 42
2 36 40
7 37 42
5 37 41

88
1.90
5
1 2 3 4 5 
5
8 6 10 4 18 
6
4 38 43
3 38 44
5 36 40
6 37 42
2 36 40
1 37 41

89
3.70
5
3 4 5 6 7 
5
17 10 4 12 9 
5
2 37 41
6 36 41
1 38 44
4 36 40
3 38 44

90
3.10
5
3 4 5 6 7 
5
11 18 14 20 17 
5
1 37 42
3 38 42
7 37 41
5 38 43
2 36 40

91
1.40
7
6 7 8 9 0 1 2 
5
1 11 16 15 7 
6
2 36 40
6 37 42
5 37 41
1 36 40
7 36 40
3 36 41

92
2.20
7
5 6 7 8 9 0 1 
5
12 13 3 10 18 
5
2 37 41
5 36 42
3 38 43
7 37 43
6 38 43

93
3.20
6
6 7 8 9 0 1 
5
2 13 20 14 18 
5
3 38 42
2 37 41
4 36 42
7 37 43
1 36 40

94
1.00
7
8 9 0 1 2 3 4 
5
4 2 9 18 12 
6
1 38 44
2 37 41
6 38 44
7 38 44
3 38 43
4 37 43

95
1.20
7
4 5 6 7 8 9 0 
5
14 3 15 7 1 
5
5 38 42
1 37 42
6 38 44
3 38 42
7 37 41

96
1.40
5
8 9 0 1 2 
5
13 12 10 16 2 
6
3 37 43
6 37 41
5 37 43
7 38 43
4 37 42
2 37 41

97
3.90
5
1 2 3 4 5 
5
7 8 18 19 4 
6
5 36 40
6 36 41
4 36 42
2 36 42
7 36 42
3 36 41

98
1.70
7
1 2 3 4 5 6 7 
5
10 12 7 13 19 
5
6 37 42
7 37 43
3 37 42
4 36 41
2 38 42

99
2.10
7
6 7 8 9 0 1 2 
5
11 2 8 6 17 
5
3 37 41
7 36 40
4 37 43
1 36 42
5 36 42

100
4.70
5
3 4 5 6 7 
5
8 15 13 19 10 
6
7 36 41
4 38 43
5 36 41
6 37 42
2 37 42
1 36 40

101
3.20
7
0 1 2 3 4 5 6 
5
6 5 7 4 14 
5
5 38 44
1 38 44
7 37 42
2 36 42
4 37 42

102
1.60
5
9 0 1 2 3 
5
4 19 13 15 3 
5
1 36 40
7 38 42
6 37 41
2 36 41
4 38 43

103
2.20
5
4 5 6 7 8 
5
3 8 12 5 19 
5
1 36 42
2 36 41
3 36 40
4 36 41
5 38 43

104
2.50
6
7 8 9 0 1 2 
5
13 1 20 12 3 
5
2 36 41
5 38 42
7 36 42
6 37 41
3 36 42

105
3.40
5
0 1 2 3 4 
5
8 1 20 5 11 
5
3 38 42
4 37 42
2 38 43
5 37 41
6 36 42

106
2.00
6
8 9 0 1 2 3 
5
9 18 12 3 15 
6
4 36 41
3 38 42
2 36 42
7 37 43
5 37 41
6 38 44

107
2.40
6
6 7 8 9 0 1 
5
13 19 8 17 3 
6
5 38 44
2 37 41
7 38 42
6 37 42
3 38 44
1 36 42

108
4.70
6
6 7 8 9 0 1 
5
6 8 17 16 2 
6
5 38 43
3 37 42
6 37 43
7 38 42
4 36 40
1 37 43

109
1.20
5
7 8 9 0 1 
5
18 9 17 7 3 
6
7 37 42
2 37 41
3 38 43
6 37 41
4 37 41
5 37 42

110
4.80
7
5 6 7 8 9 0 1 
5
6 7 18 5 19 
6
1 37 42
6 36 42
7 36 41
3 37 42
4 36 41
2 38 43

111
1.50
6
3 4 5 6 7 8 
5
8 14 2 7 1 
6
4 37 41
6 36 40
1 37 41
3 37 41
5 36 42
7 38 44

112
3.80
7
1 2 3 4 5 6 7 
5
2 19 9 11 1 
6
1 38 44
7 36 40
5 38 44
4 37 43
3 38 42
2 36 42

113
2.80
7
4 5 6 7 8 9 0 
5
3 12 18 2 17 
5
4 36 42
2 38 42
5 38 42
3 38 42
1 38 43

114
3.40
6
4 5 6 7 8 9 
5
10 8 5 3 15 
6
3 36 41
4 36 42
5 36 40
1 37 41
2 37 41
6 37 43

115
2.00
7
8 9 0 1 2 3 4 
5
8 7 13 4 14 
6
5 36 40
4 37 41
1 38 44
6 38 42
2 37 41
3 36 41

116
1.80
7
6 7 8 9 0 1 2 
5
5 15 13 19 7 
6
7 37 43
1 38 42
2 38 42
4 38 44
5 38 42
3 38 42

117
3.10
7
8 9 0 1 2 3 4 
5
7 6 20 8 11 
5
3 38 43
1 37 43
4 36 40
2 36 42
5 38 43

118
1.60
6
2 3 4 5 6 7 
5
9 8 7 10 15 
5
7 36 40
5 38 43
1 38 43
2 37 42
6 36 40

119
4.00
7
6 7 8 9 0 1 2 
5
19 14 12 2 10 
5
1 38 44
7 36 42
2 37 42
5 36 41
3 38 44

120
4.40
7
4 5 6 7 8 9 0 
5
8 2 4 14 12 
5
2 38 43
1 37 42
7 37 42
6 38 43
5 37 41

121
1.40
5
8 9 0 1 2 
5
10 8 14 19 12 
5
2 36 42
4 38 42
1 36 40
3 37 43
7 36 40

122
4.40
5
2 3 4 5 6 
5
13 19 3 5 12 
5
1 38 44
7 38 42
3 37 43
5 38 44
2 38 43

123
2.20
7
7 8 9 0 1 2 3 
5
9 3 20 12 10 
5
5 38 42
4 38 44
2 38 43
3 37 43
6 36 41

124
4.30
6
4 5 6 7 8 9 
5
11 2 20 9 5 
5
4 37 43
7 36 41
1 38 43
6 38 43
5 37 42

125
2.90
5
8 9 0 1 2 
5
12 17 15 3 5 
5
1 36 40
3 38 44
6 37 43
7 37 43
4 36 41

126
3.20
7
7 8 9 0 1 2 3 
5
20 5 2 17 19 
5
3 36 41
5 38 43
7 37 41
6 37 42
4 38 42

127
4.20
5
1 2 3 4 5 
5
7 5 4 17 2 
6
1 36 41
2 37 43
6 37 42
5 37 42
7 38 43
3 36 41

128
1.70
5
9 0 1 2 3 
5
16 6 14 18 8 
6
1 36 42
7 38 42
4 37 43
2 38 44
5 37 41
3 36 41

129
2.00
6
1 2 3 4 5 6 
5
19 2 4 5 16 
5
5 38 43
7 38 44
3 37 41
2 36 41
6 36 40

130
2.60
5
7 8 9 0 1 
5
8 14 16 20 18 
5
1 37 41
6 37 41
5 38 44
2 37 41
7 36 40

131
4.40
7
7 8 9 0 1 2 3 
5
3 1 6 5 13 
6
3 37 41
4 36 41
5 36 42
7 36 41
1 38 44
2 38 43

132
4.00
6
2 3 4 5 6 7 
5
8 13 17 11 4 
6
6 38 43
5 38 42
1 36 41
2 36 42
4 37 42
3 37 43

133
2.10
5
8 9 0 1 2 
5
16 15 5 11 14 
6
2 38 43
7 36 41
1 37 43
6 36 41
3 36 41
5 36 40

134
2.60
5
7 8 9 0 1 
5
18 19 13 14 2 
6
3 37 41
1 37 43
6 37 43
5 36 41
4 38 44
7 38 44

135
1.60
5
0 1 2 3 4 
5
20 17 16 5 19 
6
3 36 40
7 38 43
4 36 41
2 38 43
5 38 43
6 37 41

136
3.10
6
8 9 0 1 2 3 
5
7 5 18 13 11 
5
7 36 40
3 38 42
6 38 43
1 38 44
2 37 43

137
4.50
6
6 7 8 9 0 1 
5
20 12 5 13 16 
6
4 37 43
6 37 43
5 37 42
2 37 42
3 37 43
1 37 41

138
2.60
7
9 0 1 2 3 4 5 
5
17 19 7 4 10 
6
4 38 44
6 38 44
7 37 41
2 38 42
3 38 42
5 38 42

139
2.90
5
7 8 9 0 1 
5
2 1 12 6 10 
6
2 37 42
3 36 41
1 36 42
6 36 41
4 36 40
5 36 40

140
1.50
7
3 4 5 6 7 8 9 
5
15 19 5 11 13 
6
5 38 44
2 38 42
3 37 41
6 37 41
7 37 43
4 37 41

141
4.80
5
6 7 8 9 0 
5
17 20 11 1 3 
5
3 36 42
5 36 41
7 37 42
1 36 42
4 38 44

142
2.20
6
6 7 8 9 0 1 
5
1 8 5 9 16 
6
1 37 41
6 36 40
2 37 42
4 36 42
3 37 41
7 38 44

143
1.20
5
1 2 3 4 5 
5
7 4 11 3 9 
5
5 36 41
2 37 43
4 36 41
1 37 41
3 37 42

144
1.60
7
9 0 1 2 3 4 5 
5
18 14 11 1 8 
6
2 37 42
1 36 40
7 38 43
4 38 44
5 36 41
6 38 44

145
2.50
7
5 6 7 8 9 0 1 
5
7 8 10 14 18 
5
3 36 42
4 37 43
1 38 42
2 38 42
7 38 42

146
4.40
6
5 6 7 8 9 0 
5
1 10 4 19 12 
6
3 36 41
6 37 41
1 37 42
7 38 42
5 38 44
4 37 42

147
1.30
6
9 0 1 2 3 4 
5
2 3 17 4 9 
5
3 37 43
7 36 42
5 38 42
1 36 41
6 38 42

148
2.20
7
4 5 6 7 8 9 0 
5
16 6 2 15 17 
5
3 38 43
7 38 43
1 38 43
2 37 43
6 36 40

149
1.60
6
8 9 0 1 2 3 
5
5 18 2 4 20 
5
4 37 41
5 37 41
6 38 44
2 37 41
3 37 43

150
3.00
6
8 9 0 1 2 3 
5
3 7 12 9 13 
6
6 38 43
2 38 42
3 38 42
7 36 41
1 37 43
5 38 44

151
1.40
7
0 1 2 3 4 5 6 
5
15 3 16 12 8 
6
5 38 44
3 37 42
4 37 42
2 36 41
7 36 40
6 37 43

152
2.60
5
4 5 6 7 8 
5
5 1 3 7 17 
6
5 36 40
7 38 44
4 38 44
2 37 43
1 38 42
6 37 41

153
4.80
5
9 0 1 2 3 
5
15 13 2 12 5 
5
2 38 44
6 37 42
7 36 40
1 36 40
3 37 41

154
3.60
6
2 3 4 5 6 7 
5
18 3 19 16 9 
6
2 37 43
1 37 43
4 38 43
3 37 43
6 38 42
5 36 41

155
2.40
6
8 9 0 1 2 3 
5
16 17 12 3 9 
6
6 38 42
4 36 41
7 37 41
2 37 41
1 37 42
5 37 43

156
4.90
6
8 9 0 1 2 3 
5
6 11 14 13 17 
6
7 37 41
2 37 42
6 37 41
3 38 43
5 37 42
4 38 42

157
2.90
7
6 7 8 9 0 1 2 
5
5 1 14 10 15 
6
6 38 43
2 38 43
3 37 42
5 38 42
1 38 42
4 38 44

158
3.40
5
5 6 7 8 9 
5
11 16 6 9 1 
5
7 36 42
6 37 43
3 38 44
4 37 41
2 37 42

159
4.70
5
7 8 9 0 1 
5
15 18 20 7 12 
5
7 37 43
2 38 42
4 37 42
5 36 42
1 37 42

160
2.40
7
4 5 6 7 8 9 0 
5
4 17 1 15 5 
5
5 36 41
6 38 44
3 36 40
2 37 43
1 36 42

161
1.60
5
8 9 0 1 2 
5
12 8 14 5 10 
6
3 37 41
4 36 40
5 36 41
6 36 42
7 36 42
2 36 40

162
1.30
6
7 8 9 0 1 2 
5
8 9 16 10 1 
5
7 38 43
2 37 41
3 36 42
5 38 44
1 36 40

163
1.90
7
8 9 0 1 2 3 4 
5
6 14 3 11 19 
6
5 36 42
3 37 42
1 38 43
7 37 42
4 38 44
2 36 41

164
1.10
7
9 0 1 2 3 4 5 
5
11 2 12 4 20 
5
6 37 43
4 38 44
7 36 42
2 38 43
5 37 42

165
4.60
6
2 3 4 5 6 7 
5
7 4 9 5 1 
5
6 38 42
2 36 42
1 38 43
5 37 42
7 37 43

166
2.20
7
6 7 8 9 0 1 2 
5
6 8 15 18 4 
5
2 37 43
3 37 43
4 38 44
5 38 43
7 37 43

167
2.90
6
8 9 0 1 2 3 
5
17 16 11 13 14 
5
3 37 41
2 36 40
1 37 41
5 38 43
6 38 44

168
1.80
6
2 3 4 5 6 7 
5
16 4 9 12 17 
5
4 37 42
6 38 44
5 37 43
3 37 43
1 37 42

169
3.00
7
4 5 6 7 8 9 0 
5
17 18 9 15 4 
5
5 37 42
1 37 42
3 37 42
7 36 41
4 36 42

170
2.00
6
7 8 9 0 1 2 
5
17 12 9 6 19 
6
2 36 41
6 36 40
4 37 43
1 37 42
7 37 43
3 38 43

171
4.20
6
3 4 5 6 7 8 
5
14 9 16 10 19 
5
6 38 43
1 38 42
3 37 43
7 38 42
2 37 42

172
1.20
6
1 2 3 4 5 6 
5
6 13 12 2 20 
6
5 38 43
3 38 43
2 37 42
6 38 43
1 36 41
7 38 43

173
1.90
6
7 8 9 0 1 2 
5
10 20 3 9 12 
5
6 36 41
3 37 42
2 36 42
4 36 42
1 36 40

174
4.80
6
7 8 9 0 1 2 
5
14 2 11 15 1 
6
3 38 44
2 36 41
7 38 42
4 37 41
6 38 42
5 37 41

175
2.70
5
0 1 2 3 4 
5
14 5 19 3 4 
6
3 36 42
1 37 42
5 37 42
2 36 41
6 38 43
7 37 41

176
1.10
6
9 0 1 2 3 4 
5
9 1 6 4 5 
6
3 37 42
5 36 42
1 37 41
7 36 40
4 37 43
2 37 43

177
1.10
7
6 7 8 9 0 1 2 
5
14 12 2 19 6 
6
7 37 41
2 37 43
4 37 41
3 38 42
5 38 43
1 37 41

178
2.80
7
9 0 1 2 3 4 5 
5
13 16 12 9 17 
5
7 36 41
1 37 41
3 37 41
5 36 40
4 36 41

179
1.40
6
1 2 3 4 5 6 
5
9 6 7 20 1 
5
7 36 41
6 36 40
4 37 43
5 36 40
1 38 44

180
4.90
5
4 5 6 7 8 
5
13 17 19 10 11 
5
4 38 44
7 38 43
3 37 42
1 36 41
6 38 42

181
3.50
5
2 3 4 5 6 
5
18 4 16 3 15 
5
6 36 41
5 36 41
1 36 41
7 36 40
4 37 41

182
3.00
5
5 6 7 8 9 
5
2 13 17 5 11 
6
7 37 43
2 36 41
1 36 41
6 38 44
4 36 42
5 38 44

183
4.90
5
1 2 3 4 5 
5
9 5 16 20 10 
5
1 38 43
5 37 43
3 38 43
2 36 40
4 36 40

184
4.40
5
4 5 6 7 8 
5
7 2 1 5 11 
5
7 37 41
3 38 44
4 36 41
1 36 42
2 37 43

185
2.90
5
4 5 6 7 8 
5
19 4 13 1 16 
5
6 38 43
7 38 43
3 37 42
5 36 41
2 38 42

186
3.60
6
0 1 2 3 4 5 
5
12 4 19 14 17 
5
5 38 44
6 36 40
4 38 42
7 38 42
2 37 42

187
1.80
5
6 7 8 9 0 
5
2 17 8 9 1 
6
1 38 43
4 37 43
6 37 41
2 37 43
3 38 42
5 37 41

188
2.30
6
2 3 4 5 6 7 
5
18 7 6 8 19 
5
2 38 42
5 38 43
7 36 40
3 36 42
6 38 44

189
2.60
6
9 0 1 2 3 4 
5
15 20 19 11 6 
6
7 38 44
2 36 42
3 38 42
6 36 42
1 37 41
5 37 41

190
3.80
7
3 4 5 6 7 8 9 
5
4 11 15 18 17 
5
2 36 41
5 36 42
7 38 44
6 38 44
1 36 42

191
3.10
7
7 8 9 0 1 2 3 
5
18 13 4 14 2 
5
1 37 43
2 38 43
7 36 41
6 38 42
3 36 40

192
4.90
6
2 3 4 5 6 7 
5
19 12 2 16 13 
6
1 36 42
2 38 43
7 36 42
4 38 42
3 36 42
6 38 43

193
2.00
5
9 0 1 2 3 
5
4 19 3 13 16 
6
3 36 42
4 38 42
7 38 43
6 37 43
5 38 42
2 38 44

194
2.00
7
8 9 0 1 2 3 4 
5
10 18 14 17 9 
6
7 36 42
1 36 40
5 36 42
6 37 41
3 37 42
4 36 40

195
4.00
5
2 3 4 5 6 
5
12 13 4 9 8 
5
3 37 41
1 37 41
4 37 41
5 38 44
7 36 40

196
1.70
6
2 3 4 5 6 7 
5
15 13 3 1 4 
6
5 36 41
4 36 42
3 38 42
2 38 42
7 38 43
1 37 43

197
1.30
5
5 6 7 8 9 
5
1 3 6 20 17 
6
7 36 40
4 36 41
1 37 43
2 38 42
5 36 40
3 37 43

198
1.50
7
2 3 4 5 6 7 8 
5
17 4 8 6 2 
6
6 36 40
5 37 42
7 37 43
1 38 42
3 37 42
4 37 43

199
3.10
7
8 9 0 1 2 3 4 
5
13 1 12 6 19 
5
1 37 42
7 37 42
3 38 42
6 38 44
2 38 42

200
4.40
7
6 7 8 9 0 1 2 
5
9 6 19 10 12 
6
1 36 41
7 38 43
5 38 42
3 38 43
4 38 44
2 37 42

201
3.60
5
7 8 9 0 1 
5
19 10 4 9 13 
5
5 38 44
1 38 44
3 36 40
2 36 40
4 38 43

202
4.00
7
7 8 9 0 1 2 3 
5
12 8 11 10 3 
6
1 36 40
3 37 41
5 37 43
7 38 42
2 38 43
6 37 41

203
2.10
6
3 4 5 6 7 8 
5
16 7 13 2 5 
5
4 36 41
1 37 43
3 37 42
7 37 42
2 38 42

204
4.60
5
2 3 4 5 6 
5
13 16 14 19 7 
6
2 36 40
6 36 42
1 37 43
7 38 42
3 38 44
4 36 40

205
4.90
6
0 1 2 3 4 5 
5
3 18 10 16 7 
5
3 37 43
6 38 43
1 36 41
5 37 41
7 36 42

206
4.10
7
9 0 1 2 3 4 5 
5
9 11 3 4 2 
6
2 38 44
6 36 40
3 38 44
7 38 43
5 38 42
1 38 44

207
2.60
5
5 6 7 8 9 
5
15 20 16 5 18 
6
2 38 43
3 36 42
6 37 43
7 38 43
5 37 43
1 38 42

208
3.00
5
1 2 3 4 5 
5
19 12 2 11 8 
5
3 38 43
5 38 42
7 36 41
6 38 42
1 36 42

209
4.40
5
2 3 4 5 6 
5
4 20 5 14 12 
6
6 36 41
1 37 42
5 36 42
2 38 42
4 38 44
7 37 41

210
2.80
6
8 9 0 1 2 3 
5
12 8 1 6 16 
6
6 36 42
4 36 41
2 38 43
3 38 43
7 38 42
1 36 42

211
3.50
6
1 2 3 4 5 6 
5
1 18 12 9 17 
6
1 37 42
6 37 41
2 37 42
4 37 41
5 36 41
7 37 42

212
4.30
7
4 5 6 7 8 9 0 
5
1 11 17 5 4 
6
3 37 42
6 36 41
7 38 44
2 36 42
1 38 44
5 36 42

213
4.10
7
5 6 7 8 9 0 1 
5
5 15 9 8 12 
5
6 38 44
3 36 41
1 37 43
4 37 43
5 36 41

214
3.90
6
4 5 6 7 8 9 
5
16 2 12 15 7 
5
2 37 41
1 36 40
3 37 42
5 37 43
7 36 42

215
4.90
6
1 2 3 4 5 6 
5
4 9 18 3 7 
5
3 37 42
4 37 41
5 36 40
6 38 43
2 36 42

216
1.20
5
0 1 2 3 4 
5
13 10 9 17 12 
5
2 37 41
6 38 44
4 38 44
7 38 44
1 36 42

217
3.80
5
0 1 2 3 4 
5
15 13 6 2 10 
6
6 36 42
7 36 42
2 36 40
1 38 44
3 38 43
4 38 44

218
1.20
5
7 8 9 0 1 
5
16 10 15 1 17 
6
4 37 42
3 37 41
2 38 43
5 36 40
7 38 42
6 37 42

219
1.20
7
1 2 3 4 5 6 7 
5
1 6 4 5 14 
5
7 38 43
3 36 40
5 38 43
6 37 43
4 38 44

220
1.70
5
0 1 2 3 4 
5
20 13 4 5 12 
6
1 38 42
3 38 43
4 37 41
7 38 44
6 37 41
5 38 42

221
3.10
6
2 3 4 5 6 7 
5
1 6 12 19 14 
6
1 36 42
2 38 43
3 36 42
7 37 41
4 36 42
6 36 42

222
3.70
5
6 7 8 9 0 
5
7 13 17 12 18 
5
4 36 41
1 37 42
2 38 42
3 37 42
6 38 44

223
3.80
5
0 1 2 3 4 
5
2 18 13 19 3 
6
1 38 42
7 36 41
6 38 42
5 37 42
4 36 42
2 36 40

224
2.60
7
9 0 1 2 3 4 5 
5
10 17 7 4 1 
6
1 38 44
4 37 43
7 37 43
6 36 41
5 38 43
3 38 43

225
2.60
6
5 6 7 8 9 0 
5
4 17 11 9 1 
5
3 37 43
7 37 42
6 37 41
1 36 40
2 38 42

226
4.60
5
9 0 1 2 3 
5
2 4 11 14 12 
6
3 36 42
6 38 43
2 37 43
1 36 40
4 37 42
5 38 42

227
3.80
5
3 4 5 6 7 
5
3 4 11 20 1 
6
4 36 41
3 36 42
7 37 42
2 38 43
6 38 42
1 38 44

228
1.80
5
7 8 9 0 1 
5
20 3 12 6 9 
5
4 38 42
3 38 43
5 37 43
6 38 44
7 38 42

229
2.90
7
0 1 2 3 4 5 6 
5
7 16 19 4 20 
6
4 38 43
7 38 43
5 37 43
3 37 43
1 38 42
2 36 42

230
2.30
6
9 0 1 2 3 4 
5
2 17 1 9 19 
6
7 37 41
6 38 42
4 38 44
1 37 42
2 38 42
3 38 44

231
1.90
7
7 8 9 0 1 2 3 
5
6 19 4 17 15 
6
4 37 42
5 37 41
1 38 44
6 36 40
3 36 40
7 36 40

232
3.90
7
0 1 2 3 4 5 6 
5
17 7 2 3 10 
5
5 37 43
4 36 42
2 38 44
3 36 41
6 38 44

233
3.40
5
1 2 3 4 5 
5
7 14 4 12 2 
6
4 36 41
1 38 44
3 36 42
2 38 42
6 37 43
5 37 41

234
2.30
7
4 5 6 7 8 9 0 
5
12 19 13 20 16 
5
5 38 43
2 37 42
1 37 43
7 38 43
6 36 40

235
3.40
7
0 1 2 3 4 5 6 
5
11 18 20 7 9 
5
5 36 42
3 38 44
7 38 42
2 36 40
4 36 41

236
4.00
7
1 2 3 4 5 6 7 
5
6 19 1 15 20 
6
2 38 42
1 38 42
5 36 40
6 37 42
4 37 43
3 36 42

237
2.30
6
5 6 7 8 9 0 
5
5 10 9 18 17 
5
2 38 44
1 36 42
4 38 42
6 36 40
5 37 43

238
2.70
5
9 0 1 2 3 
5
15 18 12 10 4 
5
3 36 41
2 36 40
5 38 42
1 37 42
4 36 42

239
2.40
6
6 7 8 9 0 1 
5
16 11 10 17 4 
5
6 38 42
5 37 43
2 38 42
4 37 43
1 37 43

240
3.20
7
6 7 8 9 0 1 2 
5
3 1 7 20 9 
6
5 38 43
1 37 42
4 38 42
6 37 43
2 38 43
3 36 40

241
2.00
7
4 5 6 7 8 9 0 
5
4 11 15 7 9 
6
3 37 41
6 37 41
4 37 41
1 36 41
5 37 42
2 37 43

242
2.40
6
6 7 8 9 0 1 
5
6 16 5 1 3 
6
5 36 41
4 37 43
2 38 43
1 37 42
7 38 43
6 36 40

243
1.80
6
0 1 2 3 4 5 
5
18 2 15 16 3 
5
6 38 44
5 37 41
1 38 44
7 38 43
3 37 42

244
4.00
6
8 9 0 1 2 3 
5
4 20 10 17 1 
6
4 37 42
3 36 40
7 38 43
1 38 44
6 38 44
5 36 40

245
4.10
7
7 8 9 0 1 2 3 
5
9 13 17 14 8 
5
6 37 43
5 36 42
2 37 42
1 38 44
3 36 42

246
1.80
6
4 5 6 7 8 9 
5
1 18 8 13 7 
6
3 38 43
2 37 43
4 37 43
6 38 42
7 38 44
5 37 43

247
3.40
6
6 7 8 9 0 1 
5
3 1 13 6 11 
6
1 37 43
6 36 40
4 38 43
2 36 41
5 37 41
7 36 40

248
1.20
5
1 2 3 4 5 
5
18 6 5 15 13 
5
4 37 42
5 37 43
1 37 43
6 37 42
3 37 43

249
3.30
5
0 1 2 3 4 
5
19 7 2 5 1 
6
1 38 43
7 36 40
2 37 41
5 36 40
4 37 43
3 37 43

250
1.30
6
3 4 5 6 7 8 
5
1 12 15 4 5 
6
5 36 41
1 38 43
4 37 41
2 38 43
7 36 40
3 36 42

251
1.10
7
7 8 9 0 1 2 3 
5
1 14 13 9 11 
5
2 37 42
4 37 43
6 36 42
5 37 42
3 37 41

252
2.30
5
1 2 3 4 5 
5
17 8 4 14 16 
6
3 36 40
5 37 41
7 37 43
1 36 41
4 36 40
2 36 40

253
4.60
7
2 3 4 5 6 7 8 
5
10 4 8 3 15 
5
2 38 42
7 37 43
6 37 41
5 38 42
3 36 41

254
4.80
7
1 2 3 4 5 6 7 
5
5 18 17 13 15 
5
7 37 42
5 36 42
2 36 40
6 36 41
1 38 44

255
2.30
6
8 9 0 1 2 3 
5
12 8 6 5 1 
6
6 36 40
4 36 41
2 37 43
1 37 43
5 38 43
3 36 42

256
2.80
6
8 9 0 1 2 3 
5
1 20 8 15 11 
6
5 36 41
4 36 42
7 37 41
2 36 42
3 37 42
1 38 42

257
3.30
7
5 6 7 8 9 0 1 
5
17 16 11 1 10 
6
4 38 43
5 38 42
2 36 41
3 37 42
6 36 42
1 38 44

258
1.50
5
7 8 9 0 1 
5
1 18 19 4 12 
6
2 38 43
4 36 42
3 36 42
1 37 43
5 36 40
6 37 43

259
2.80
7
2 3 4 5 6 7 8 
5
18 11 2 20 12 
5
7 38 42
3 37 42
2 36 41
1 36 42
6 36 42

260
4.10
7
8 9 0 1 2 3 4 
5
3 16 11 13 7 
6
7 38 43
3 38 43
6 38 44
5 36 41
4 37 41
2 37 43

261
1.60
5
7 8 9 0 1 
5
8 16 4 2 14 
5
7 38 42
4 37 42
2 37 41
6 36 41
5 36 41

262
4.30
5
8 9 0 1 2 
5
3 7 13 19 2 
6
4 38 42
7 37 43
5 36 40
6 37 41
1 37 43
2 38 42

263
2.60
6
8 9 0 1 2 3 
5
20 8 10 12 17 
6
7 36 41
5 38 42
3 36 40
2 36 42
1 36 40
4 38 44

264
2.00
5
8 9 0 1 2 
5
19 15 17 7 9 
6
2 38 44
3 38 44
4 37 42
6 37 42
5 37 42
1 38 42

265
2.50
7
1 2 3 4 5 6 7 
5
11 17 7 18 12 
6
1 38 44
2 37 41
5 38 44
3 38 43
6 37 43
7 36 42

266
3.10
6
3 4 5 6 7 8 
5
9 20 19 11 8 
5
5 38 42
7 37 43
3 38 44
4 38 44
6 38 42

267
1.40
5
1 2 3 4 5 
5
4 13 20 19 18 
6
6 37 41
1 38 43
5 36 40
2 36 42
7 38 43
4 38 43

268
1.00
7
7 8 9 0 1 2 3 
5
20 12 18 8 5 
6
1 38 43
2 37 42
3 38 43
6 37 43
7 38 42
5 38 44

269
3.60
5
3 4 5 6 7 
5
2 17 12 9 15 
5
4 37 43
6 36 42
2 38 44
1 37 41
3 37 41

270
2.00
7
1 2 3 4 5 6 7 
5
4 2 17 12 18 
6
7 38 43
1 36 41
3 37 42
5 37 43
4 36 42
2 36 42

271
2.80
6
0 1 2 3 4 5 
5
11 7 16 5 15 
5
3 38 42
1 37 41
4 37 41
5 36 41
2 38 43

272
2.80
5
8 9 0 1 2 
5
8 14 19 7 12 
5
5 38 44
4 36 41
2 36 42
6 37 42
3 37 42

273
3.10
5
1 2 3 4 5 
5
12 17 13 9 6 
5
5 36 41
3 37 42
6 38 44
2 37 41
7 38 43

274
4.00
7
9 0 1 2 3 4 5 
5
2 14 17 13 12 
5
7 36 40
6 36 41
2 37 42
1 36 42
3 38 44

275
3.30
5
7 8 9 0 1 
5
12 1 10 11 4 
6
3 37 41
7 37 41
1 38 43
4 38 43
2 37 43
6 36 42

276
1.30
6
4 5 6 7 8 9 
5
5 16 18 20 17 
6
2 38 43
4 37 42
7 36 41
3 37 41
1 36 42
6 37 42

277
4.90
7
6 7 8 9 0 1 2 
5
18 20 3 8 14 
5
5 38 42
7 36 42
3 37 41
2 38 42
1 37 41

278
2.40
5
8 9 0 1 2 
5
20 6 5 1 9 
6
5 36 42
7 36 40
6 38 44
2 37 42
4 36 41
3 37 42

279
4.40
7
2 3 4 5 6 7 8 
5
18 16 11 17 9 
5
2 36 42
7 37 43
3 38 42
1 38 44
5 37 43

280
1.30
5
4 5 6 7 8 
5
13 20 4 8 19 
6
2 36 41
1 38 44
4 37 42
5 36 41
3 38 44
6 37 42

281
1.60
6
5 6 7 8 9 0 
5
16 2 6 20 10 
5
4 37 41
3 36 42
6 37 42
1 36 41
7 37 41

282
3.90
7
2 3 4 5 6 7 8 
5
10 20 6 2 17 
5
3 36 41
5 38 44
7 36 40
2 36 42
4 37 41

283
4.90
7
1 2 3 4 5 6 7 
5
12 3 9 17 18 
5
4 37 41
3 36 42
5 37 41
6 37 42
7 38 42

284
1.60
5
2 3 4 5 6 
5
6 11 3 18 2 
5
4 37 43
1 36 41
5 36 41
6 38 43
7 38 44

285
2.70
7
5 6 7 8 9 0 1 
5
11 16 18 4 6 
5
4 38 42
5 38 42
1 38 42
3 37 41
7 36 41

286
2.40
5
9 0 1 2 3 
5
8 19 11 4 5 
5
5 36 40
2 38 42
6 36 41
4 37 41
7 37 43

287
3.30
7
7 8 9 0 1 2 3 
5
14 5 7 4 19 
6
4 37 41
7 38 42
5 37 43
1 38 42
3 36 41
6 38 43

288
4.80
7
4 5 6 7 8 9 0 
5
19 5 1 3 14 
5
6 37 42
3 38 43
7 36 41
5 38 43
2 37 41

289
1.70
7
2 3 4 5 6 7 8 
5
4 6 11 14 2 
6
2 36 41
6 37 41
5 38 44
7 37 42
4 37 42
1 37 41

290
1.90
5
8 9 0 1 2 
5
5 6 15 11 19 
5
7 37 42
2 36 42
6 37 42
1 38 43
5 36 42

291
2.60
7
3 4 5 6 7 8 9 
5
6 3 5 7 1 
6
5 37 41
6 37 43
4 37 42
3 38 44
2 36 40
7 36 41

292
3.80
7
6 7 8 9 0 1 2 
5
13 14 5 19 3 
6
3 36 42
2 38 42
5 36 40
4 36 42
6 38 42
7 36 40

293
3.10
5
1 2 3 4 5 
5
3 9 20 10 13 
6
2 36 40
3 36 40
4 37 43
7 37 41
6 38 42
1 36 42

294
3.10
5
3 4 5 6 7 
5
1 19 8 16 3 
6
7 37 43
3 38 42
2 36 40
4 36 41
1 36 41
6 37 42

295
2.30
7
9 0 1 2 3 4 5 
5
1 8 17 14 6 
6
2 37 43
6 36 42
4 38 43
7 38 42
5 37 42
1 38 43

296
4.40
6
3 4 5 6 7 8 
5
19 10 5 1 8 
5
6 36 42
5 37 43
2 38 42
7 36 40
4 36 40

297
2.30
5
1 2 3 4 5 
5
10 11 19 1 18 
6
2 36 42
6 36 41
1 38 42
4 37 43
5 38 42
3 37 41

298
4.90
6
5 6 7 8 9 0 
5
2 11 10 14 6 
6
4 37 41
1 38 43
6 38 44
7 38 43
3 37 41
5 38 43

299
1.30
5
0 1 2 3 4 
5
17 18 16 1 12 
5
6 36 40
3 37 41
5 38 43
2 38 42
1 36 42

300
4.10
7
1 2 3 4 5 6 7 
5
5 1 6 8 16 
6
4 36 41
1 36 41
5 37 43
2 36 40
6 38 44
7 38 44

